Log file created at: 2013/11/24 15:55:23
Running on machine: localhost.localdomain
Log line format: [IWEF]mmdd hh:mm:ss.uuuuuu threadid file:line] msg
I1124 15:55:23.659234 27169 DBConnectionPool.h:34] Init database football_gl ip:0.0.0.0 port:3306
I1124 15:55:23.672142 27169 DBConnectionPool.cpp:31] Create database pool success...
I1124 15:55:23.672834 27169 DBConnectionPool.cpp:31] Create database pool success...
I1124 15:55:23.673297 27169 DBConnectionPool.cpp:31] Create database pool success...
I1124 15:55:23.673753 27169 DBConnectionPool.cpp:31] Create database pool success...
I1124 15:55:23.674132 27169 DBConnectionPool.cpp:31] Create database pool success...
I1124 15:55:23.674525 27169 DBConnectionPool.cpp:31] Create database pool success...
I1124 15:55:23.674896 27169 DBConnectionPool.cpp:31] Create database pool success...
I1124 15:55:23.675261 27169 DBConnectionPool.cpp:31] Create database pool success...
I1124 15:55:23.675626 27169 DBConnectionPool.cpp:31] Create database pool success...
I1124 15:55:23.675986 27169 DBConnectionPool.cpp:31] Create database pool success...
I1124 15:55:23.676406 27169 DBConnectionPool.cpp:31] Create database pool success...
I1124 15:55:23.680227 27197 CWorldEventHandler.cpp:137] UPDATE c_fixture set flag= 0 where mid in(290240,290241,290242,290243,290244,290245,290246,290247,290248,290249,290250,290251,290252,290253,290254,290255,290256,290257,290258,290259,290260,290261,290262,290263,290264,290265,290266,290267,290268,290269,290270,290271,290272,290273,290274,290275,290276,290277,290278,290279,290280,290281,290282,290283,290284,290285,290286,290287,290288,290289,290290,290291,290292,290293,290294,290295,290296,290297,290298,290299,290300,290301,290302,290303,290304,290305,290306,290307,290308,290309,290310,290311,290312,290313,290314,290315,290316,290317,290318,290319,290320,290321,290322,290323,290324,290325,290326,290327,290328,290329,290330,290331,290332,290333,290334,290335,290336,290337,290338,290339,290340,290341,290342,290343,290344,290345,290346,290347,290348,290349,290350,290351,290352,290353,290354,290355,290356,290357,290358,290359,290360,290361,290362,290363,290364,290365,290366,290367,290368,290369,290370,290371,290372,290373,290374,290375,290376,290377,290378,290379,290380,290381,290382,290383,290384,290385,290386,290387,290388,290389,290390,290391,290392,290393,290394,290395,290396,290397,290398,290399,290400,290401,290402,290403,290404,290405,290406,290407,290408,290409,290410,290411,290412,290413,290414,290415,290416,290417,290418,290419,290420,290421,290422,290423,290424,290425,290426,290427,290428,290429,290430,290431,290432,290433,290434,290435,290436,290437,290438,290439)
I1124 15:55:23.680245 27197 CWorldEventHandler.cpp:138] DELETE FROM match_action where mid in (290240,290241,290242,290243,290244,290245,290246,290247,290248,290249,290250,290251,290252,290253,290254,290255,290256,290257,290258,290259,290260,290261,290262,290263,290264,290265,290266,290267,290268,290269,290270,290271,290272,290273,290274,290275,290276,290277,290278,290279,290280,290281,290282,290283,290284,290285,290286,290287,290288,290289,290290,290291,290292,290293,290294,290295,290296,290297,290298,290299,290300,290301,290302,290303,290304,290305,290306,290307,290308,290309,290310,290311,290312,290313,290314,290315,290316,290317,290318,290319,290320,290321,290322,290323,290324,290325,290326,290327,290328,290329,290330,290331,290332,290333,290334,290335,290336,290337,290338,290339,290340,290341,290342,290343,290344,290345,290346,290347,290348,290349,290350,290351,290352,290353,290354,290355,290356,290357,290358,290359,290360,290361,290362,290363,290364,290365,290366,290367,290368,290369,290370,290371,290372,290373,290374,290375,290376,290377,290378,290379,290380,290381,290382,290383,290384,290385,290386,290387,290388,290389,290390,290391,290392,290393,290394,290395,290396,290397,290398,290399,290400,290401,290402,290403,290404,290405,290406,290407,290408,290409,290410,290411,290412,290413,290414,290415,290416,290417,290418,290419,290420,290421,290422,290423,290424,290425,290426,290427,290428,290429,290430,290431,290432,290433,290434,290435,290436,290437,290438,290439)
I1124 15:55:23.680254 27197 CWorldEventHandler.cpp:139] update e_user set flag=0,zeit=1385279723+900 where typ=3 and flag=0 and mapping_id in(290240,290241,290242,290